0 6
0 7
0 8
0 9
0 10
0 11
0 15
0 16
0 19
0 20
0 21
0 22
0 23
0 24
0 25
0 26
0 27
0 28
0 29
0 30
0 34
0 40
0 63
0 64
0 65
0 68
1 7
1 8
1 9
1 10
1 11
1 15
1 16
1 19
1 20
1 21
1 22
1 23
1 24
1 25
1 26
1 27
1 28
1 29
1 30
1 34
1 40
1 64
1 65
1 67
1 68
2 64
2 65
2 34
2 35
2 68
2 40
2 6
2 7
2 8
2 9
2 10
2 15
2 17
2 18
2 57
2 20
2 41
2 22
2 23
2 36
3 64
3 65
3 68
3 6
3 7
3 8
3 9
3 10
3 55
3 12
3 45
3 46
3 47
3 48
3 49
3 52
3 41
3 57
3 60
3 61
3 62
4 64
4 65
4 68
4 7
4 8
4 9
4 10
4 55
4 41
4 57
4 60
4 62
5 64
5 65
5 68
5 7
5 8
5 9
5 10
5 55
5 45
5 52
5 41
5 57
5 60
5 62
6 17
6 28
6 33
6 37
6 38
6 39
6 41
6 42
6 44
6 48
6 50
6 51
6 55
6 56
6 57
6 58
6 60
6 62
6 63
6 65
6 67
6 68
7 13
7 14
7 17
7 26
7 29
7 30
7 31
7 32
7 33
7 37
7 38
7 39
7 41
7 42
7 44
7 48
7 50
7 51
7 55
7 56
7 57
7 60
7 62
7 63
7 65
7 67
7 68
8 14
8 17
8 26
8 31
8 32
8 33
8 35
8 37
8 38
8 39
8 41
8 42
8 44
8 48
8 50
8 51
8 55
8 56
8 57
8 60
8 62
8 63
8 65
8 68
9 4
9 7
9 8
9 10
9 11
9 15
9 16
9 17
9 19
9 20
9 21
9 22
9 23
9 24
9 25
9 26
9 27
9 28
9 29
9 30
9 31
9 32
9 33
9 34
9 36
9 37
9 38
9 39
9 41
9 42
9 44
9 48
9 50
9 51
9 55
9 56
9 57
9 60
9 61
9 62
9 63
9 65
9 67
9 68
10 7
10 8
10 11
10 14
10 15
10 16
10 17
10 19
10 20
10 21
10 22
10 24
10 25
10 26
10 27
10 28
10 29
10 30
10 31
10 32
10 33
10 34
10 35
10 38
10 39
10 41
10 42
10 44
10 48
10 50
10 51
10 55
10 56
10 57
10 58
10 60
10 62
10 63
10 65
10 67
10 68
11 13
11 14
11 15
11 17
11 19
11 20
11 21
11 22
11 24
11 25
11 26
11 27
11 28
11 29
11 30
11 31
11 32
11 33
11 34
11 35
11 38
11 39
11 41
11 42
11 44
11 48
11 50
11 51
11 55
11 56
11 57
11 60
11 62
11 63
11 65
11 67
11 68
12 13
12 17
12 22
12 26
12 27
12 29
12 30
12 31
12 35
12 37
12 38
12 39
12 41
12 42
12 43
12 44
12 46
12 48
12 49
12 51
12 56
12 57
12 59
12 60
12 61
12 62
12 63
12 65
12 68
13 65
13 68
13 49
13 38
13 39
13 43
13 44
13 46
13 48
13 17
13 51
13 56
13 57
13 63
13 60
13 61
13 62
13 31
14 65
14 67
14 68
14 44
14 50
14 51
14 63
15 32
15 33
15 67
15 68
15 37
15 65
15 44
15 13
15 14
15 17
15 50
15 51
15 55
15 56
15 57
15 26
15 63
15 60
15 62
15 31
16 65
16 67
16 68
16 44
16 50
16 51
16 63
17 65
17 67
17 68
17 44
17 50
17 51
17 63
18 32
18 33
18 67
18 68
18 37
18 65
18 41
18 42
18 13
18 14
18 17
18 50
18 51
18 55
18 56
18 57
18 26
18 63
18 60
18 62
18 31
19 32
19 33
19 67
19 68
19 37
19 65
19 44
19 13
19 14
19 17
19 50
19 51
19 55
19 56
19 57
19 26
19 63
19 60
19 62
19 31
20 32
20 33
20 67
20 68
20 37
20 65
20 41
20 42
20 13
20 14
20 17
20 50
20 51
20 55
20 56
20 57
20 26
20 63
20 60
20 62
20 31
21 32
21 33
21 67
21 68
21 37
21 65
21 41
21 42
21 13
21 14
21 17
21 50
21 51
21 55
21 56
21 57
21 26
21 63
21 60
21 62
21 31
22 32
22 33
22 67
22 68
22 37
22 65
22 41
22 42
22 13
22 14
22 17
22 50
22 51
22 55
22 56
22 57
22 26
22 63
22 60
22 62
22 31
23 32
23 33
23 67
23 68
23 37
23 65
23 41
23 42
23 13
23 14
23 17
23 50
23 51
23 55
23 56
23 57
23 26
23 63
23 60
23 62
23 31
24 65
24 67
24 68
24 37
24 41
24 42
24 44
24 14
24 50
24 51
24 55
24 56
24 57
24 63
24 60
24 62
24 31
25 65
25 67
25 68
25 44
25 14
25 50
25 51
25 63
25 31
26 65
26 67
26 68
26 44
26 14
26 50
26 51
26 63
27 65
27 67
27 68
27 44
27 14
27 50
27 51
27 63
28 65
28 67
28 68
28 44
28 14
28 50
28 51
28 63
29 65
29 67
29 68
29 44
29 14
29 50
29 51
29 63
30 65
30 67
30 68
30 44
30 14
30 50
30 51
30 63
31 65
31 67
31 68
31 44
31 50
31 51
31 63
32 65
32 67
32 68
32 44
32 14
32 50
32 51
32 63
33 65
33 67
33 68
33 44
33 50
33 51
33 63
34 32
34 33
34 67
34 68
34 37
34 65
34 41
34 42
34 14
34 50
34 51
34 55
34 56
34 57
34 26
34 63
34 60
34 62
34 31
35 65
35 35
35 68
35 41
35 42
35 44
35 67
35 55
35 56
35 57
35 60
35 62
35 63
36 65
36 67
36 68
36 55
36 56
36 57
36 60
36 63
37 65
37 67
37 68
37 42
37 44
37 48
37 60
37 63
38 65
38 67
38 68
38 38
38 41
38 42
38 44
38 48
38 17
38 50
38 60
38 63
39 65
39 67
39 68
39 37
39 41
39 44
39 48
39 17
39 50
39 55
39 56
39 57
39 60
39 62
39 63
40 41
40 35
40 68
40 65
40 63
41 65
41 67
41 68
41 42
41 49
41 51
41 58
41 63
42 65
42 67
42 68
42 41
42 42
42 44
42 49
42 51
42 62
42 63
43 65
43 67
43 68
43 42
43 44
43 49
43 51
43 60
43 62
43 63
44 65
44 67
44 68
44 41
44 44
44 51
44 54
44 63
45 65
45 67
45 68
45 42
45 44
45 51
45 53
45 54
45 63
46 65
46 67
46 68
46 42
46 51
46 53
46 54
46 56
46 58
46 60
46 63
47 65
47 67
47 68
47 44
47 51
47 53
47 54
47 63
48 65
48 67
48 68
48 54
48 63
49 65
49 67
49 68
49 63
50 65
50 67
50 68
50 63
51 65
51 67
51 68
51 53
51 63
52 65
52 67
52 68
52 44
52 53
52 54
52 63
53 65
53 67
53 68
53 63
54 65
54 67
54 68
54 63
55 65
55 67
55 68
55 44
55 48
55 49
55 51
55 62
55 63
56 65
56 67
56 68
56 44
56 48
56 49
56 51
56 62
56 63
57 65
57 67
57 68
57 44
57 48
57 49
57 51
57 62
57 63
58 65
58 67
58 68
58 48
58 49
58 51
58 62
58 63
59 65
59 67
59 68
59 48
59 49
59 51
59 62
59 63
60 65
60 67
60 68
60 48
60 49
60 51
60 62
60 63
61 65
61 67
61 68
61 46
61 48
61 49
61 51
61 62
61 63
62 65
62 67
62 68
62 46
62 48
62 49
62 51
62 53
62 62
62 63
63 0
63 34
63 67
63 8
63 9
63 10
63 12
63 18
63 20
63 21
63 22
63 23
64 1
64 34
64 40
64 6
64 7
64 8
64 9
64 10
64 11
64 12
64 15
64 16
64 17
64 18
64 20
64 21
64 22
64 23
64 30
64 63
65 1
65 34
65 40
65 49
65 8
65 9
65 10
65 12
65 15
65 16
65 17
65 18
65 20
65 21
65 22
65 23
65 30
65 63
66 43
66 2
66 3
66 4
66 5
