0 96
0 91
0 5
0 6
0 39
0 44
0 10
0 11
0 12
0 93
0 16
0 38
0 28
0 29
0 95
1 5
1 8
1 9
1 10
1 13
1 14
1 15
1 17
1 18
1 19
1 20
1 21
1 22
1 24
1 25
1 26
1 28
1 29
1 30
1 38
1 39
1 41
1 44
1 46
1 50
1 51
1 52
1 54
1 65
1 66
1 74
1 76
1 77
1 79
1 80
1 81
1 82
1 84
1 85
1 88
1 90
1 91
1 92
1 93
1 95
1 96
2 96
2 14
2 81
2 54
2 88
2 25
2 91
2 92
2 30
2 95
3 91
3 54
3 30
3 95
4 91
4 54
4 30
4 95
5 96
5 6
5 92
5 11
5 12
5 13
5 16
5 91
5 28
5 29
6 11
6 12
6 13
6 20
6 21
6 22
6 24
6 28
6 29
6 35
6 36
6 38
6 40
6 41
6 44
6 45
6 48
6 49
6 52
6 53
6 92
6 96
7 96
7 51
7 8
7 9
7 10
7 11
7 13
7 14
7 15
7 17
7 18
7 19
7 22
7 26
7 91
7 28
7 29
8 96
8 51
8 9
8 10
8 13
8 14
8 15
8 17
8 18
8 19
8 91
8 28
8 29
9 96
9 51
9 10
9 13
9 14
9 15
9 17
9 18
9 19
9 91
9 28
9 29
10 96
10 51
10 38
10 49
10 13
10 14
10 15
10 17
10 18
10 19
10 46
10 22
10 23
10 24
10 26
10 91
10 28
10 29
11 96
11 35
11 36
11 38
11 40
11 41
11 12
11 48
11 49
11 20
11 21
11 92
11 53
12 96
12 64
12 66
12 35
12 65
12 72
12 73
12 71
12 46
12 50
12 67
12 54
12 24
12 90
12 91
12 92
12 62
12 63
13 22
13 24
13 27
13 33
13 38
13 45
13 46
13 48
13 49
13 52
13 54
13 56
13 57
13 58
13 59
13 60
13 61
13 62
13 63
13 64
13 65
13 66
13 67
13 71
13 72
13 73
13 90
13 92
13 96
14 96
14 64
14 66
14 67
14 86
14 65
14 71
14 85
14 54
14 56
14 58
14 91
14 62
14 63
15 20
15 32
15 33
15 35
15 36
15 38
15 40
15 44
15 45
15 46
15 48
15 49
15 50
15 54
15 56
15 57
15 58
15 59
15 60
15 61
15 62
15 63
15 64
15 65
15 66
15 67
15 71
15 72
15 73
15 85
15 86
15 90
15 92
15 96
16 20
16 27
16 32
16 33
16 35
16 36
16 45
16 46
16 48
16 49
16 50
16 54
16 56
16 57
16 58
16 59
16 60
16 61
16 62
16 63
16 64
16 65
16 66
16 67
16 71
16 72
16 73
16 85
16 86
16 90
16 92
16 96
17 22
17 23
17 24
17 27
17 33
17 35
17 38
17 45
17 49
17 50
17 51
17 54
17 56
17 57
17 58
17 59
17 60
17 61
17 62
17 63
17 64
17 65
17 66
17 67
17 71
17 72
17 73
17 85
17 86
17 90
17 92
17 96
18 13
18 20
18 21
18 22
18 23
18 24
18 27
18 33
18 35
18 36
18 38
18 39
18 40
18 41
18 42
18 44
18 45
18 48
18 49
18 51
18 58
18 62
18 63
18 64
18 71
18 72
18 73
18 92
18 96
19 13
19 22
19 23
19 24
19 27
19 35
19 36
19 37
19 38
19 39
19 40
19 41
19 42
19 44
19 45
19 48
19 49
19 51
19 52
19 90
19 92
19 96
20 27
20 32
20 33
20 35
20 36
20 37
20 40
20 42
20 45
20 47
20 49
20 50
20 53
20 54
20 56
20 57
20 58
20 59
20 60
20 61
20 62
20 63
20 64
20 65
20 66
20 67
20 71
20 72
20 73
20 85
20 86
20 89
20 90
20 92
20 95
20 96
21 27
21 32
21 33
21 35
21 36
21 37
21 40
21 42
21 45
21 47
21 49
21 50
21 53
21 54
21 56
21 57
21 58
21 59
21 60
21 61
21 62
21 63
21 64
21 65
21 66
21 67
21 71
21 72
21 73
21 85
21 86
21 89
21 90
21 92
21 96
22 27
22 32
22 33
22 35
22 36
22 37
22 38
22 40
22 41
22 42
22 44
22 45
22 47
22 48
22 49
22 50
22 52
22 53
22 54
22 56
22 57
22 58
22 59
22 60
22 61
22 62
22 63
22 64
22 65
22 66
22 67
22 71
22 72
22 73
22 85
22 86
22 89
22 90
22 92
22 96
23 96
23 32
23 34
23 33
23 72
23 73
23 42
23 45
23 47
23 49
23 27
23 92
23 95
24 27
24 32
24 33
24 34
24 38
24 42
24 44
24 45
24 46
24 47
24 49
24 50
24 54
24 56
24 57
24 59
24 60
24 61
24 62
24 63
24 64
24 65
24 66
24 67
24 71
24 72
24 73
24 82
24 85
24 86
24 90
24 91
24 92
24 96
25 27
25 34
25 42
25 47
25 54
25 56
25 57
25 59
25 60
25 61
25 62
25 63
25 64
25 65
25 66
25 67
25 71
25 72
25 73
25 82
25 85
25 86
25 90
25 91
25 96
26 27
26 32
26 33
26 34
26 42
26 45
26 47
26 49
26 54
26 56
26 57
26 59
26 60
26 61
26 62
26 63
26 64
26 65
26 66
26 67
26 71
26 72
26 73
26 85
26 86
26 90
26 92
26 96
27 32
27 33
27 34
27 42
27 45
27 46
27 47
27 49
27 54
27 56
27 57
27 59
27 60
27 61
27 62
27 63
27 64
27 65
27 66
27 67
27 71
27 72
27 73
27 82
27 85
27 86
27 90
27 92
27 95
27 96
28 42
28 44
28 47
28 48
28 49
28 50
28 52
28 54
28 56
28 57
28 58
28 62
28 63
28 64
28 65
28 66
28 67
28 71
28 82
28 85
28 86
28 92
28 95
28 96
29 20
29 21
29 35
29 36
29 38
29 39
29 41
29 44
29 45
29 48
29 52
29 54
29 58
29 62
29 63
29 64
29 71
29 72
29 73
29 85
29 92
29 96
30 25
30 31
30 38
30 39
30 41
30 44
30 52
30 54
30 55
30 56
30 58
30 62
30 63
30 64
30 65
30 66
30 67
30 69
30 71
30 72
30 73
30 74
30 76
30 77
30 78
30 79
30 82
30 83
30 84
30 85
30 86
30 91
30 92
30 96
31 96
31 76
31 77
31 78
31 79
31 82
31 85
31 86
31 55
31 58
31 91
32 96
32 92
33 96
33 32
33 91
33 92
33 70
34 96
34 70
34 43
34 56
34 57
34 92
34 62
35 32
35 34
35 37
35 42
35 43
35 45
35 47
35 49
35 53
35 54
35 56
35 59
35 60
35 61
35 62
35 63
35 64
35 67
35 71
35 72
35 73
35 89
35 92
35 96
36 32
36 34
36 37
36 38
36 42
36 43
36 45
36 47
36 49
36 53
36 54
36 56
36 59
36 60
36 61
36 62
36 63
36 64
36 67
36 71
36 72
36 73
36 89
36 92
36 96
37 96
37 32
37 67
37 70
37 92
37 43
37 53
37 54
37 89
37 56
37 57
37 59
37 60
37 61
37 62
38 32
38 34
38 37
38 42
38 43
38 44
38 45
38 47
38 49
38 53
38 54
38 56
38 59
38 60
38 61
38 62
38 63
38 64
38 65
38 67
38 71
38 72
38 73
38 85
38 86
38 89
38 92
38 96
39 32
39 34
39 38
39 42
39 43
39 44
39 45
39 47
39 49
39 53
39 54
39 56
39 59
39 60
39 61
39 62
39 63
39 64
39 67
39 71
39 72
39 73
39 92
39 96
40 32
40 34
40 42
40 43
40 47
40 49
40 54
40 56
40 59
40 60
40 61
40 62
40 63
40 64
40 65
40 66
40 67
40 71
40 72
40 73
40 89
40 92
40 96
41 32
41 34
41 37
41 42
41 43
41 47
41 49
41 53
41 54
41 56
41 59
41 60
41 61
41 62
41 63
41 64
41 65
41 66
41 67
41 71
41 72
41 73
41 89
41 92
41 96
42 96
42 32
42 70
42 43
42 89
42 56
42 57
42 92
42 62
42 63
43 96
43 57
43 92
43 70
43 89
44 34
44 42
44 47
44 49
44 54
44 56
44 57
44 59
44 60
44 61
44 62
44 63
44 64
44 66
44 67
44 70
44 71
44 73
44 84
44 85
44 86
44 92
44 95
44 96
45 32
45 34
45 42
45 43
45 47
45 49
45 53
45 54
45 56
45 57
45 59
45 60
45 61
45 62
45 63
45 64
45 66
45 67
45 70
45 71
45 72
45 73
45 89
45 91
45 92
45 96
46 96
46 32
46 34
46 67
46 70
46 92
46 43
46 54
46 89
46 56
46 57
46 59
46 60
46 61
46 62
47 96
47 32
47 34
47 67
47 70
47 92
47 43
47 89
47 56
47 57
47 59
47 60
47 61
47 62
47 95
48 32
48 34
48 43
48 47
48 49
48 53
48 54
48 56
48 57
48 59
48 62
48 63
48 64
48 65
48 66
48 67
48 70
48 71
48 72
48 73
48 85
48 86
48 89
48 92
48 96
49 96
49 32
49 34
49 67
49 86
49 70
49 92
49 43
49 85
49 54
49 89
49 56
49 57
49 59
49 60
49 61
49 62
49 95
50 32
50 34
50 42
50 43
50 47
50 53
50 54
50 56
50 57
50 59
50 60
50 61
50 62
50 63
50 65
50 67
50 70
50 85
50 86
50 89
50 92
50 96
51 96
51 32
51 34
51 70
51 42
51 43
51 49
51 53
51 54
51 89
51 56
51 57
51 92
51 62
52 32
52 34
52 42
52 43
52 45
52 47
52 49
52 53
52 54
52 56
52 59
52 60
52 61
52 62
52 63
52 64
52 66
52 67
52 71
52 72
52 73
52 92
52 96
53 96
53 32
53 34
53 67
53 70
53 71
53 64
53 73
53 43
53 92
53 72
53 54
53 89
53 56
53 57
53 59
53 60
53 61
53 62
53 63
54 96
54 69
54 75
54 79
54 83
54 84
54 85
54 57
54 91
54 92
54 62
54 63
55 96
55 64
55 69
55 71
55 75
55 56
55 57
55 58
55 91
55 62
55 63
56 96
56 64
56 69
56 75
56 79
56 83
56 84
56 85
56 54
56 57
56 91
56 92
56 62
56 63
57 96
57 69
57 75
57 79
57 83
57 84
57 85
57 54
57 56
57 91
57 92
57 62
57 63
58 96
58 64
58 69
58 71
58 92
58 75
58 79
58 85
58 54
58 56
58 57
58 91
58 86
58 62
58 63
59 96
59 91
59 92
59 95
60 96
60 91
60 92
60 70
60 95
61 96
61 91
61 92
61 70
61 95
62 96
62 70
62 83
62 84
62 85
62 87
62 91
62 92
62 95
63 96
63 69
63 70
63 75
63 83
63 84
63 85
63 87
63 56
63 57
63 91
63 92
63 95
64 96
64 69
64 70
64 75
64 83
64 84
64 85
64 87
64 56
64 57
64 91
64 92
64 95
65 96
65 69
65 70
65 75
65 83
65 85
65 54
65 87
65 56
65 57
65 91
65 92
65 95
66 96
66 69
66 70
66 75
66 83
66 85
66 54
66 87
66 56
66 57
66 91
66 92
66 95
67 96
67 91
67 92
67 95
68 96
68 91
68 92
68 95
69 96
69 91
69 92
69 95
70 96
70 91
70 92
70 95
71 96
71 69
71 70
71 75
71 83
71 85
71 87
71 56
71 57
71 91
71 92
71 95
72 96
72 70
72 83
72 57
72 91
72 92
72 95
73 96
73 69
73 70
73 75
73 83
73 56
73 57
73 91
73 92
73 95
74 96
74 91
74 92
74 95
75 96
75 91
75 92
75 95
76 96
76 91
76 87
76 92
76 95
77 96
77 79
77 83
77 85
77 54
77 87
77 56
77 57
77 91
77 92
77 95
78 96
78 83
78 85
78 54
78 87
78 56
78 57
78 91
78 92
78 95
79 96
79 91
80 96
80 69
80 70
80 75
80 79
80 83
80 87
80 56
80 57
80 91
81 96
81 69
81 70
81 75
81 83
81 87
81 91
82 96
82 69
82 70
82 75
82 79
82 83
82 84
82 54
82 87
82 56
82 57
82 91
83 96
83 91
84 96
84 91
85 96
85 91
85 87
86 96
86 69
86 70
86 75
86 83
86 87
86 56
86 57
86 91
87 96
87 91
88 96
88 91
88 84
88 87
89 96
89 91
89 92
90 96
90 91
90 92
91 7
91 8
91 9
91 10
91 11
91 13
91 14
91 15
91 17
91 18
91 19
91 20
91 21
91 22
91 23
91 24
91 25
91 26
91 27
91 28
91 29
91 30
91 33
91 38
91 39
91 45
91 51
91 68
91 79
91 96
92 5
92 6
92 11
92 12
92 13
92 15
92 16
92 17
92 18
92 19
92 20
92 21
92 22
92 23
92 24
92 27
92 28
92 29
92 33
92 35
92 36
92 38
92 39
92 44
92 45
92 48
92 50
92 51
92 52
92 91
92 93
92 95
93 12
93 5
93 95
94 0
94 1
94 2
94 3
94 4
94 11
94 59
94 60
94 61
94 62
94 63
94 64
94 65
94 66
94 67
94 68
94 69
94 70
94 71
94 72
94 73
94 74
94 75
94 76
94 77
94 78
94 92
94 93
