0 35
0 36
0 39
0 42
0 73
0 74
0 94
0 144
1 75
1 94
2 137
2 155
3 21
3 95
5 96
5 98
5 108
6 4
6 18
6 28
6 105
6 108
6 110
6 152
7 4
8 69
8 101
8 144
8 150
9 22
9 39
9 62
10 41
10 65
10 66
11 32
11 42
11 100
11 105
11 110
11 113
11 119
11 128
11 152
12 23
13 29
13 70
14 23
14 128
15 24
15 36
15 74
15 77
15 81
15 87
15 93
15 94
15 110
15 126
15 148
15 152
15 156
15 167
15 175
16 30
16 61
16 68
16 71
16 101
16 111
16 115
16 140
16 150
16 157
16 158
16 164
17 101
18 105
18 121
18 152
19 73
19 98
19 106
19 107
19 108
19 134
19 155
22 95
22 168
23 168
24 145
24 147
25 69
25 112
27 132
28 117
28 168
30 168
31 26
31 95
31 108
31 120
31 123
31 125
31 168
31 172
31 178
32 90
32 92
32 166
32 168
33 20
33 27
33 73
33 82
33 87
33 121
33 122
33 155
33 178
34 123
34 125
34 136
34 168
37 168
38 168
39 155
39 168
40 168
41 65
41 66
41 168
41 173
42 64
42 105
42 117
42 119
42 128
42 152
42 168
43 96
43 106
43 107
43 168
44 73
44 136
45 91
45 168
46 25
46 63
46 77
46 112
46 118
46 127
47 168
48 135
48 145
48 165
49 168
50 168
51 168
52 168
53 168
54 168
55 168
56 168
57 168
58 168
59 168
60 168
61 101
61 135
61 144
61 145
61 147
61 168
62 95
62 168
65 66
66 65
67 170
68 104
68 157
68 161
68 170
69 150
69 164
69 170
69 175
69 176
70 170
71 170
72 170
73 170
74 170
77 170
78 105
78 128
78 149
78 152
79 160
79 161
80 115
81 140
82 141
83 163
83 164
84 145
85 104
85 130
85 142
85 143
85 164
85 166
85 175
86 76
86 109
86 116
86 154
87 97
87 99
87 102
87 138
87 139
87 167
88 108
89 114
89 169
89 175
90 103
90 166
97 140
98 108
100 101
101 144
101 145
101 146
101 147
105 149
105 152
108 144
108 146
110 152
110 154
112 174
120 123
120 166
120 178
121 169
123 143
123 166
123 178
124 103
124 129
124 151
125 166
125 178
130 164
131 101
131 132
132 101
133 101
136 137
138 140
142 143
144 145
144 146
144 147
145 146
145 147
146 147
152 149
157 140
166 143
167 162
171 146
171 159
174 140
177 147
177 153
