0 53
0 54
0 59
53 0
53 2
53 4
53 11
53 21
53 54
53 55
53 59
53 64
53 107
53 125
53 132
53 151
53 180
53 186
53 190
53 202
53 204
53 221
53 224
53 230
53 239
53 242
53 246
53 257
53 266
53 267
53 268
53 278
53 290
54 0
54 2
54 4
54 5
54 6
54 7
54 8
54 9
54 10
54 11
54 12
54 13
54 14
54 16
54 17
54 18
54 19
54 20
54 21
54 22
54 23
54 26
54 27
54 28
54 29
54 31
54 32
54 33
54 34
54 35
54 38
54 39
54 40
54 41
54 42
54 44
54 45
54 46
54 47
54 48
54 49
54 50
54 51
54 52
54 53
54 55
54 57
54 59
54 60
54 61
54 62
54 64
54 67
54 69
54 70
54 71
54 72
54 73
54 74
54 75
54 76
54 78
54 79
54 80
54 82
54 83
54 84
54 86
54 87
54 88
54 89
54 90
54 91
54 92
54 93
54 94
54 95
54 96
54 97
54 98
54 99
54 103
54 104
54 107
54 108
54 109
54 110
54 111
54 112
54 113
54 116
54 117
54 118
54 119
54 120
54 122
54 123
54 124
54 125
54 126
54 127
54 128
54 129
54 130
54 131
54 132
54 133
54 134
54 135
54 136
54 137
54 138
54 139
54 140
54 141
54 142
54 143
54 144
54 145
54 146
54 147
54 148
54 149
54 150
54 151
54 152
54 153
54 154
54 155
54 156
54 157
54 158
54 159
54 163
54 165
54 166
54 170
54 172
54 173
54 174
54 175
54 176
54 177
54 178
54 179
54 180
54 181
54 182
54 183
54 184
54 185
54 186
54 187
54 189
54 191
54 192
54 193
54 194
54 195
54 197
54 198
54 199
54 200
54 201
54 202
54 204
54 205
54 206
54 207
54 208
54 210
54 211
54 212
54 213
54 214
54 216
54 217
54 219
54 220
54 221
54 222
54 224
54 225
54 226
54 227
54 228
54 229
54 230
54 231
54 232
54 233
54 234
54 235
54 236
54 237
54 238
54 239
54 240
54 241
54 242
54 243
54 244
54 245
54 246
54 247
54 248
54 249
54 250
54 251
54 252
54 253
54 254
54 255
54 256
54 257
54 258
54 259
54 260
54 261
54 262
54 263
54 264
54 265
54 266
54 268
54 270
54 271
54 272
54 274
54 275
54 276
54 277
54 278
54 279
54 280
54 281
54 282
54 284
54 285
54 286
54 287
54 288
54 289
54 290
54 291
54 293
54 294
54 296
54 297
54 298
54 299
59 36
59 88
59 113
2 53
2 55
2 178
55 2
55 74
55 178
55 275
3 4
3 5
3 12
3 16
3 19
3 26
3 38
3 42
3 44
3 49
3 53
3 54
3 59
3 64
3 76
3 78
3 79
3 86
3 89
3 93
3 107
3 108
3 109
3 116
3 117
3 123
3 125
3 131
3 137
3 138
3 147
3 165
3 177
3 181
3 184
3 192
3 193
3 197
3 202
3 204
3 206
3 217
3 224
3 231
3 234
3 238
3 240
3 242
3 244
3 245
3 249
3 257
3 263
3 264
3 267
3 268
3 270
3 278
3 288
4 12
4 53
4 64
4 71
4 78
4 109
4 111
4 137
4 180
4 186
4 221
4 238
4 242
4 244
4 263
4 268
4 278
5 186
5 275
5 278
12 4
12 21
12 26
12 31
12 54
12 62
12 78
12 79
12 101
12 116
12 122
12 123
12 137
12 138
12 142
12 156
12 183
12 184
12 202
12 221
12 244
12 253
12 278
12 279
16 111
16 137
16 263
38 24
38 36
38 63
38 111
38 160
38 161
38 209
38 215
38 283
44 191
44 278
49 191
76 86
78 37
78 70
78 71
78 101
78 137
78 180
78 273
89 73
89 196
107 108
107 151
108 149
109 71
109 180
109 197
116 202
125 11
125 17
125 33
125 257
125 259
125 286
137 78
137 108
137 232
137 234
137 266
147 239
147 249
147 268
181 100
181 138
181 180
181 201
184 180
197 76
197 180
206 4
206 11
206 26
206 50
206 57
206 59
206 64
206 71
206 78
206 101
206 109
206 125
206 137
206 149
206 165
206 180
206 192
206 197
206 201
206 202
206 224
206 244
206 245
206 257
206 260
206 271
224 4
224 11
224 20
224 36
224 44
224 49
224 53
224 54
224 76
224 78
224 122
224 125
224 131
224 137
224 138
224 142
224 180
224 192
224 202
224 206
224 210
224 234
224 238
224 244
224 245
224 257
224 260
224 278
238 4
238 270
240 191
242 4
242 53
244 64
249 266
257 258
267 0
267 53
267 54
267 64
267 186
270 64
270 83
270 108
270 149
270 151
270 173
270 191
270 202
270 221
270 278
278 50
278 53
278 151
278 191
278 198
278 210
278 263
288 54
288 82
288 134
288 296
71 78
71 101
71 103
71 137
71 188
71 201
111 16
111 137
180 36
180 78
180 101
180 191
186 180
186 246
221 4
221 108
221 151
7 137
11 4
11 13
11 14
11 17
11 19
11 20
11 31
11 35
11 36
11 44
11 53
11 54
11 57
11 59
11 60
11 62
11 64
11 65
11 71
11 76
11 77
11 78
11 89
11 101
11 104
11 107
11 108
11 111
11 116
11 122
11 125
11 137
11 138
11 141
11 149
11 157
11 165
11 186
11 192
11 197
11 201
11 206
11 209
11 210
11 211
11 221
11 224
11 229
11 242
11 243
11 244
11 245
11 249
11 257
11 263
11 264
11 266
11 267
11 270
11 275
11 278
11 290
11 296
13 275
35 1
35 24
35 25
35 36
35 37
35 38
35 56
35 63
35 65
35 68
35 71
35 77
35 78
35 85
35 100
35 101
35 102
35 121
35 160
35 161
35 162
35 167
35 168
35 171
35 180
35 188
35 190
35 209
35 215
35 223
35 269
35 273
35 283
35 292
35 295
36 24
36 59
36 65
36 77
36 101
36 106
36 168
36 171
36 180
36 188
36 190
36 209
36 292
62 35
62 60
62 78
62 82
62 229
65 36
65 77
65 101
77 36
77 63
77 65
77 101
77 168
101 1
101 36
101 59
101 65
101 71
101 77
101 78
101 100
101 171
101 180
101 188
101 190
101 203
101 283
122 71
122 137
122 180
201 180
209 36
209 101
209 161
209 180
210 92
210 138
210 278
266 137
266 244
156 293
156 297
15 4
15 11
15 54
15 118
15 137
15 181
15 183
15 196
15 242
15 244
15 253
118 54
118 117
196 54
196 73
196 78
196 89
196 180
24 36
24 71
24 78
24 167
24 180
24 188
24 215
167 164
188 36
215 283
25 24
25 35
25 36
25 37
25 56
25 215
37 24
37 25
37 35
37 56
37 78
37 161
37 180
37 215
56 25
56 37
30 1
30 35
30 37
30 38
30 56
30 71
30 77
30 78
30 101
30 161
30 171
30 180
30 190
30 215
30 283
161 188
161 209
161 215
161 283
171 1
171 35
171 36
171 63
171 65
171 77
171 101
171 168
171 283
190 35
190 36
190 38
190 58
190 78
190 100
190 101
190 102
190 180
190 203
190 209
190 269
283 161
63 35
63 36
63 65
63 77
68 35
68 36
68 65
68 77
68 161
68 188
85 35
85 101
85 190
100 71
100 102
100 180
100 209
102 71
102 100
160 35
160 164
160 167
160 215
162 38
162 167
162 283
168 35
168 36
168 38
168 63
168 65
168 77
168 78
168 101
168 106
168 171
168 180
168 283
223 35
223 283
269 190
273 35
273 78
292 36
106 35
106 36
106 63
106 65
106 77
106 168
106 190
43 24
43 35
43 38
43 59
43 77
43 78
43 100
43 101
43 102
43 160
43 161
43 180
43 188
43 190
43 209
43 215
50 78
50 111
50 149
50 278
151 121
151 149
151 244
239 147
239 198
239 230
239 268
239 278
246 186
70 36
70 78
70 108
74 55
74 71
82 62
82 264
82 288
87 191
92 97
92 210
97 92
103 71
103 180
113 59
119 117
150 149
163 144
173 108
175 215
189 245
213 11
232 137
233 222
251 194
258 11
258 254
258 257
258 262
262 149
262 257
262 258
285 126
293 156
297 156
58 35
58 36
58 63
58 65
58 168
58 190
66 35
66 36
66 70
66 77
66 168
66 277
81 54
81 133
81 136
203 35
203 100
203 101
203 151
203 190
203 209
105 35
105 36
105 56
105 65
105 77
105 171
105 283
114 35
114 62
114 71
114 101
114 180
114 277
115 35
115 36
115 65
115 77
164 161
164 167
164 209
164 215
169 161
218 35
218 85
218 190
218 269
