0 8
0 26
0 39
1 4
1 5
1 13
1 26
1 27
1 37
1 39
1 47
2 23
2 28
2 32
2 47
3 68
4 5
4 6
4 7
4 8
4 9
4 10
4 12
4 17
4 20
4 21
4 30
4 37
4 44
4 67
4 72
4 90
5 10
5 13
5 47
5 93
6 26
6 55
6 93
8 30
8 42
8 44
8 48
8 55
8 64
8 68
8 70
8 72
8 157
9 20
10 14
10 15
10 18
10 21
10 24
10 33
10 34
10 62
10 68
10 136
10 152
10 166
11 17
11 18
11 19
11 21
11 24
11 31
11 37
11 38
11 40
11 42
11 43
11 53
11 55
11 57
11 65
11 68
11 80
11 82
11 83
11 84
11 85
11 91
11 95
11 97
11 100
11 106
11 108
11 115
11 129
11 144
11 153
11 166
11 167
11 170
11 172
11 177
11 180
11 184
12 71
13 39
13 47
13 131
16 40
17 51
17 57
17 83
17 108
18 37
18 42
18 65
19 53
19 65
19 68
19 80
19 85
19 129
21 32
21 48
21 50
21 52
21 55
21 61
21 70
21 72
21 74
21 75
21 80
21 82
21 96
21 128
21 148
21 152
21 153
22 61
22 70
22 74
22 82
22 128
22 150
23 32
24 34
24 65
24 68
24 100
25 35
25 59
25 63
25 109
25 173
26 36
26 53
26 55
26 67
26 75
26 82
26 93
26 123
26 168
26 176
28 131
29 67
30 45
30 60
30 64
30 68
30 73
30 90
33 54
34 68
34 100
36 82
36 93
37 38
37 48
37 60
37 66
37 68
37 82
37 91
37 152
38 66
38 91
38 168
39 47
39 92
39 131
41 159
41 168
42 60
42 65
42 66
42 68
42 73
42 76
42 82
42 91
42 97
42 104
42 126
42 157
42 171
43 65
43 84
43 89
43 97
43 129
43 169
43 181
44 48
45 46
45 50
45 58
45 60
45 64
45 72
45 73
45 76
45 79
45 103
45 117
45 118
45 121
45 152
45 153
45 155
45 166
46 58
46 60
46 73
46 103
46 121
46 155
47 131
48 60
48 124
48 134
49 127
50 72
52 65
52 68
52 74
52 82
52 89
52 128
55 85
55 86
55 87
55 88
55 91
55 96
55 101
55 105
55 110
55 111
55 112
55 113
55 114
55 116
55 119
55 120
55 123
55 126
55 128
55 132
55 133
55 134
55 135
55 137
55 138
55 139
55 140
55 141
55 142
55 143
55 145
55 146
55 147
55 148
55 151
55 152
55 153
55 154
55 157
55 159
55 160
55 167
55 170
55 172
55 173
55 176
55 177
55 179
55 180
55 183
55 184
56 159
56 168
57 65
57 80
57 83
57 97
57 98
57 108
57 115
59 109
60 134
62 76
64 73
64 159
64 168
64 176
65 80
65 85
65 97
65 110
65 129
65 134
65 159
65 168
65 170
65 184
66 171
66 172
67 94
68 76
68 105
68 106
68 127
68 132
68 134
68 158
68 171
68 184
69 104
69 105
69 142
69 146
69 179
69 184
70 150
70 158
70 171
71 106
71 125
71 169
72 122
73 117
77 156
78 102
80 85
80 97
80 144
81 96
81 132
81 137
81 152
82 91
82 150
82 180
83 98
86 111
86 112
86 157
86 160
86 173
86 176
86 177
87 111
87 157
87 162
87 163
89 97
89 129
89 137
89 158
89 159
89 168
89 171
89 176
91 182
92 161
92 165
94 130
96 132
96 147
96 148
96 152
97 144
97 159
97 168
99 114
99 130
99 137
99 149
99 152
99 170
101 139
102 130
105 146
105 184
107 149
108 98
108 115
110 174
111 177
113 172
116 184
125 169
135 167
135 168
138 176
138 178
139 156
139 159
139 160
139 168
139 172
139 174
139 176
139 177
140 160
140 163
147 184
149 152
149 170
149 184
150 184
152 175
152 176
152 178
152 180
152 182
152 184
154 184
156 164
158 171
159 168
159 173
160 173
167 173
178 176
